pop,V1,V2,V3,V4,V5,V6,V7,V8,V9
Comaltepec,0.00001,0.00001,0.00001,0.00001,0.83093,0.000015,0.00001,0.168995,0.00001
Comaltepec,0.00001,0.00001,0.00001,0.00001,0.818278,0.00001,0.00001,0.181652,0.00001
Comaltepec,0.00001,0.00001,0.00001,0.00001,0.84038,0.000016,0.00001,0.159543,0.00001
SanCristobal,0.120201,0.00001,0.00001,0.00001,0.879729,0.00001,0.00001,0.00001,0.00001
SanCristobal,0.160109,0.00001,0.00001,0.00627,0.833561,0.00001,0.00001,0.00001,0.00001
SanCristobal,0.00001,0.00001,0.00001,0.00001,0.99992,0.00001,0.00001,0.00001,0.00001
SanCristobal,0.00001,0.00001,0.00001,0.00001,0.99992,0.00001,0.00001,0.00001,0.00001
SanCristobal,0.000016,0.00001,0.00001,0.00001,0.999914,0.00001,0.00001,0.00001,0.00001
SanCristobal,0.18654,0.00001,0.00001,0.00001,0.780561,0.00001,0.03284,0.00001,0.00001
SanCristobal,0.00001,0.00001,0.00001,0.00001,0.999917,0.00001,0.000013,0.00001,0.00001
SanJoaquin,0.002733,0.00001,0.00001,0.00001,0.00001,0.00001,0.00001,0.997197,0.00001
SanJoaquin,0.045151,0.00001,0.000505,0.00001,0.00001,0.038091,0.00001,0.916202,0.00001
SanJoaquin,0.014902,0.00001,0.00001,0.00001,0.00001,0.00001,0.00001,0.985028,0.00001
SanJoaquin,0.012037,0.00001,0.00001,0.00001,0.00001,0.00001,0.00001,0.987893,0.00001
SanJoaquin,0.016913,0.00001,0.00001,0.00001,0.00001,0.00001,0.00001,0.983017,0.00001
SanJoaquin,0.043408,0.00001,0.01995,0.00001,0.00001,0.001193,0.00001,0.935398,0.00001
Tlalpan,0.021073,0.00001,0.00001,0.013111,0.00001,0.230708,0.00001,0.656232,0.078835
Tlalpan,0.036626,0.00001,0.00001,0.002254,0.00001,0.229279,0.009132,0.674426,0.048254
Tlalpan,0.00001,0.00001,0.00001,0.009269,0.00001,0.18721,0.00001,0.748251,0.05522
Tlalpan,0.001143,0.00001,0.006609,0.012173,0.00001,0.192776,0.00001,0.717523,0.069746
Tlalpan,0.00001,0.00001,0.00001,0.00001,0.00001,0.204848,0.00001,0.743354,0.051738
Tlalpan,0.00001,0.00001,0.00001,0.008716,0.00001,0.217007,0.00001,0.729868,0.044359
Tlalpan,0.00001,0.00001,0.00001,0.00001,0.013994,0.183064,0.00001,0.749464,0.053429
Tlalpan,0.001521,0.00001,0.00001,0.00001,0.00001,0.267431,0.00001,0.660256,0.070741
REPSA,0.00001,0.00001,0.00001,0.019448,0.00001,0.06149,0.00001,0.837934,0.081079
REPSA,0.00001,0.00001,0.00001,0.00001,0.00001,0.113618,0.00001,0.864792,0.02153
REPSA,0.00001,0.00001,0.00001,0.00001,0.00001,0.138388,0.004043,0.857509,0.00001
REPSA,0.00001,0.00001,0.00001,0.00001,0.00001,0.099865,0.00001,0.900065,0.00001
REPSA,0.00001,0.00001,0.00001,0.00001,0.00001,0.105043,0.00001,0.875278,0.01962
REPSA,0.00001,0.00001,0.00001,0.00001,0.00001,0.100512,0.00001,0.895336,0.004091
REPSA,0.00001,0.00001,0.00001,0.00001,0.00001,0.046283,0.00001,0.953647,0.00001
REPSA,0.00001,0.00001,0.009577,0.000158,0.00001,0.112215,0.00001,0.878001,0.00001
REPSA,0.00001,0.00001,0.00001,0.00001,0.00001,0.113745,0.00001,0.875549,0.010646
REPSA,0.00001,0.00001,0.00001,0.00001,0.00001,0.075724,0.00001,0.924206,0.00001
REPSA,0.00001,0.00001,0.002312,0.008868,0.00001,0.161653,0.00001,0.80572,0.021407
Tepoztlan,0.00001,0.000015,0.00001,0.000015,0.00001,0.00001,0.00001,0.999909,0.00001
Tepoztlan,0.00001,0.00001,0.00001,0.00001,0.00001,0.00001,0.00001,0.99992,0.00001
Tepoztlan,0.00001,0.00001,0.00001,0.00001,0.00001,0.000011,0.00001,0.999919,0.00001
Tepoztlan,0.00001,0.00001,0.00001,0.00001,0.00001,0.00001,0.00001,0.99992,0.00001
Tepoztlan,0.00001,0.00001,0.00001,0.00001,0.00001,0.00001,0.00001,0.99992,0.00001
Tepoztlan,0.00001,0.00001,0.00001,0.00001,0.00001,0.00001,0.00001,0.99992,0.00001
Tepoztlan,0.00001,0.000014,0.00001,0.00001,0.00001,0.00001,0.00001,0.999916,0.00001
Tepoztlan,0.00001,0.00001,0.00001,0.00001,0.00001,0.00001,0.00001,0.99992,0.00001
Tepoztlan,0.00001,0.00001,0.00001,0.00001,0.00001,0.00001,0.00001,0.99992,0.00001
Tepoztlan,0.00001,0.00001,0.00001,0.00001,0.00001,0.00001,0.00001,0.99992,0.00001
Tepoztlan,0.00001,0.00001,0.000012,0.00001,0.00001,0.000011,0.00001,0.999917,0.00001
Tepoztlan,0.00001,0.00001,0.00001,0.00001,0.00001,0.00001,0.00001,0.99992,0.00001
Tepoztlan,0.00001,0.00001,0.00001,0.00001,0.00001,0.00001,0.00001,0.99992,0.00001
TresMarias,0.00001,0.00001,0.00001,0.00001,0.00001,0.00001,0.00001,0.00001,0.99992
TresMarias,0.00001,0.00001,0.00001,0.00001,0.00001,0.00001,0.00001,0.00001,0.99992
TresMarias,0.00001,0.00001,0.00001,0.00001,0.00001,0.00001,0.00001,0.00001,0.99992
TresMarias,0.00001,0.00001,0.00001,0.00001,0.00001,0.00001,0.00001,0.00001,0.99992
TresMarias,0.00001,0.00001,0.00001,0.00001,0.00001,0.00001,0.00001,0.00001,0.99992
TresMarias,0.00001,0.00001,0.00001,0.00001,0.00001,0.00001,0.00001,0.00001,0.99992
TresMarias,0.00001,0.00001,0.00001,0.00001,0.00001,0.00001,0.00001,0.00001,0.99992
TresMarias,0.00001,0.00001,0.00001,0.00001,0.00001,0.00001,0.00001,0.00001,0.99992
TresMarias,0.00001,0.00001,0.00001,0.00001,0.00001,0.00001,0.00001,0.00001,0.99992
TresMarias,0.00001,0.00001,0.00001,0.00001,0.00001,0.00001,0.00001,0.00001,0.99992
TresMarias,0.00001,0.00001,0.00001,0.00001,0.00001,0.00001,0.00001,0.00001,0.99992
TresMarias,0.00001,0.00001,0.00001,0.00001,0.00001,0.00001,0.00001,0.00001,0.99992
TresMarias,0.044166,0.00001,0.00001,0.000012,0.00001,0.024512,0.00001,0.00001,0.931259
TresMarias,0.00001,0.00001,0.00001,0.00001,0.00001,0.00001,0.00001,0.00001,0.99992
TresMarias,0.00001,0.00001,0.00001,0.000016,0.00001,0.00001,0.00001,0.00001,0.999914
TresMarias,0.00001,0.00001,0.00001,0.00001,0.00001,0.00001,0.00001,0.00001,0.99992
Ciudad Guzman,0.001212,0.33574,0.00001,0.00001,0.082991,0.023966,0.076197,0.479864,0.00001
Ciudad Guzman,0.00001,0.352244,0.002465,0.00001,0.090387,0.00001,0.097174,0.457691,0.00001
Ciudad Guzman,0.000011,0.422603,0.004672,0.00001,0.102688,0.036177,0.047761,0.386068,0.00001
Regocijo-S,0.00001,0.525367,0.00001,0.00001,0.00001,0.00001,0.474563,0.00001,0.00001
Regocijo-S,0.00001,0.99992,0.00001,0.00001,0.00001,0.00001,0.00001,0.00001,0.00001
Regocijo-S,0.00001,0.901238,0.00001,0.00001,0.00001,0.00001,0.098692,0.00001,0.00001
Regocijo-S,0.00001,0.986599,0.00001,0.013331,0.00001,0.00001,0.00001,0.00001,0.00001
Regocijo-S,0.00001,0.921571,0.000014,0.043184,0.00001,0.00001,0.035182,0.00001,0.00001
Regocijo-S,0.00001,0.99992,0.00001,0.00001,0.00001,0.00001,0.00001,0.00001,0.00001
Regocijo-S,0.00001,0.930084,0.016934,0.00001,0.00001,0.020087,0.032845,0.00001,0.00001
Regocijo-S,0.00001,0.963798,0.00001,0.036132,0.00001,0.00001,0.00001,0.00001,0.00001
Regocijo-S,0.003058,0.854898,0.00001,0.04581,0.00001,0.00001,0.096184,0.00001,0.00001
Regocijo-S,0.00001,0.945679,0.00001,0.054251,0.00001,0.00001,0.00001,0.00001,0.00001
Regocijo-S,0.00001,0.959645,0.00001,0.040285,0.00001,0.00001,0.00001,0.00001,0.00001
Regocijo-S,0.00001,0.913327,0.00001,0.000635,0.00001,0.00001,0.085978,0.00001,0.00001
EspinazoDiablo,0.00001,0.99992,0.00001,0.00001,0.00001,0.00001,0.00001,0.00001,0.00001
EspinazoDiablo,0.00001,0.99992,0.00001,0.00001,0.00001,0.00001,0.00001,0.00001,0.00001
EspinazoDiablo,0.00001,0.99992,0.00001,0.00001,0.00001,0.00001,0.00001,0.00001,0.00001
EspinazoDiablo,0.111674,0.875727,0.00001,0.00001,0.012539,0.00001,0.00001,0.00001,0.00001
EspinazoDiablo,0.00001,0.99992,0.00001,0.00001,0.00001,0.00001,0.00001,0.00001,0.00001
EspinazoDiablo,0.00001,0.99992,0.00001,0.00001,0.00001,0.00001,0.00001,0.00001,0.00001
EspinazoDiablo,0.00001,0.99992,0.00001,0.00001,0.00001,0.00001,0.00001,0.00001,0.00001
EspinazoDiablo,0.00001,0.99992,0.00001,0.00001,0.00001,0.00001,0.00001,0.00001,0.00001
EspinazoDiablo,0.00001,0.99992,0.00001,0.00001,0.00001,0.00001,0.00001,0.00001,0.00001
EspinazoDiablo,0.00001,0.99992,0.00001,0.00001,0.00001,0.00001,0.00001,0.00001,0.00001
EspinazoDiablo,0.00001,0.99992,0.00001,0.00001,0.00001,0.00001,0.00001,0.00001,0.00001
Huautla,0.528781,0.00001,0.00001,0.068045,0.039394,0.197541,0.00001,0.166199,0.00001
Huautla,0.549737,0.00001,0.00001,0.077869,0.02884,0.197211,0.00001,0.146303,0.00001
Huautla,0.605092,0.00001,0.00001,0.072149,0.037058,0.175427,0.00001,0.110233,0.00001
Huautla,0.601888,0.00001,0.00001,0.075552,0.024574,0.184308,0.00001,0.113637,0.00001
Huautla,0.562859,0.00001,0.00001,0.093952,0.03152,0.178529,0.00001,0.133099,0.00001
Huautla,0.572794,0.00001,0.00001,0.105538,0.030336,0.192939,0.00001,0.098353,0.00001
Huautla,0.553856,0.00001,0.00001,0.081709,0.028808,0.208373,0.00001,0.127214,0.00001
Huautla,0.584957,0.00001,0.002078,0.08299,0.029715,0.17839,0.00001,0.12184,0.00001
Altotonga,0.580088,0.00001,0.00001,0.065903,0.00001,0.331828,0.00001,0.02213,0.00001
Altotonga,0.604627,0.00001,0.00001,0.026801,0.00001,0.368512,0.00001,0.00001,0.00001
Altotonga,0.53521,0.00001,0.00001,0.062091,0.00001,0.344199,0.00001,0.05845,0.00001
Altotonga,0.610597,0.00001,0.00001,0.050493,0.00001,0.317714,0.00001,0.021147,0.00001
Altotonga,0.623588,0.00001,0.00001,0.012086,0.00001,0.363717,0.00001,0.000559,0.00001
Altotonga,0.60216,0.000012,0.00001,0.024671,0.00001,0.373107,0.00001,0.00001,0.00001
Altotonga,0.59721,0.00001,0.00001,0.036793,0.00001,0.332575,0.00001,0.033372,0.00001
Altotonga,0.546785,0.00001,0.00001,0.058357,0.00001,0.332156,0.00001,0.062652,0.00001
Altotonga,0.580735,0.00001,0.00001,0.05649,0.00001,0.31264,0.00001,0.050084,0.00001
Zicanantan,0.729203,0.00001,0.002121,0.033465,0.062406,0.092573,0.075523,0.004689,0.00001
Zicanantan,0.590216,0.00001,0.00001,0.126622,0.228112,0.055,0.00001,0.00001,0.00001
Zicanantan,0.688845,0.00001,0.00001,0.104519,0.174183,0.032403,0.00001,0.00001,0.00001
Naha,0.99992,0.00001,0.00001,0.00001,0.00001,0.00001,0.00001,0.00001,0.00001
Naha,0.999914,0.00001,0.00001,0.00001,0.00001,0.00001,0.00001,0.000016,0.00001
Naha,0.99992,0.00001,0.00001,0.00001,0.00001,0.00001,0.00001,0.00001,0.00001
Naha,0.999916,0.00001,0.00001,0.000014,0.00001,0.00001,0.00001,0.00001,0.00001
Naha,0.99992,0.00001,0.00001,0.00001,0.00001,0.00001,0.00001,0.00001,0.00001
Naha,0.99992,0.00001,0.00001,0.00001,0.00001,0.00001,0.00001,0.00001,0.00001
Naha,0.99992,0.00001,0.00001,0.00001,0.00001,0.00001,0.00001,0.00001,0.00001
Naha,0.99992,0.00001,0.00001,0.00001,0.00001,0.00001,0.00001,0.00001,0.00001
Naha,0.999917,0.00001,0.00001,0.00001,0.00001,0.00001,0.00001,0.000013,0.00001
Naha,0.999918,0.00001,0.00001,0.00001,0.00001,0.00001,0.00001,0.000012,0.00001
Naha,0.99992,0.00001,0.00001,0.00001,0.00001,0.00001,0.00001,0.00001,0.00001
Naha,0.999915,0.00001,0.00001,0.00001,0.00001,0.00001,0.00001,0.000015,0.00001
GonzalezLeon,0.99992,0.00001,0.00001,0.00001,0.00001,0.00001,0.00001,0.00001,0.00001
GonzalezLeon,0.99992,0.00001,0.00001,0.00001,0.00001,0.00001,0.00001,0.00001,0.00001
GonzalezLeon,0.99992,0.00001,0.00001,0.00001,0.00001,0.00001,0.00001,0.00001,0.00001
GonzalezLeon,0.992501,0.00001,0.00001,0.00001,0.007429,0.00001,0.00001,0.00001,0.00001
GonzalezLeon,0.996167,0.00001,0.00001,0.00001,0.003763,0.00001,0.00001,0.00001,0.00001
GonzalezLeon,0.99992,0.00001,0.00001,0.00001,0.00001,0.00001,0.00001,0.00001,0.00001
GonzalezLeon,0.99992,0.00001,0.00001,0.00001,0.00001,0.00001,0.00001,0.00001,0.00001
GonzalezLeon,0.99992,0.00001,0.00001,0.00001,0.00001,0.00001,0.00001,0.00001,0.00001
GonzalezLeon,0.971071,0.00001,0.00001,0.00001,0.028859,0.00001,0.00001,0.00001,0.00001
GonzalezLeon,0.986218,0.00001,0.00001,0.00001,0.013712,0.00001,0.00001,0.00001,0.00001
Oxchuc,0.98778,0.00001,0.00001,0.01215,0.00001,0.00001,0.00001,0.00001,0.00001
Oxchuc,0.99992,0.00001,0.00001,0.00001,0.00001,0.00001,0.00001,0.00001,0.00001
Oxchuc,0.99992,0.00001,0.00001,0.00001,0.00001,0.00001,0.00001,0.00001,0.00001
Oxchuc,0.99992,0.00001,0.00001,0.00001,0.00001,0.00001,0.00001,0.00001,0.00001
Oxchuc,0.99992,0.00001,0.00001,0.00001,0.00001,0.00001,0.00001,0.00001,0.00001
Oxchuc,0.970018,0.00001,0.00001,0.010744,0.019178,0.00001,0.00001,0.00001,0.00001
Oxchuc,0.99992,0.00001,0.00001,0.00001,0.00001,0.00001,0.00001,0.00001,0.00001
Oxchuc,0.99992,0.00001,0.00001,0.00001,0.00001,0.00001,0.00001,0.00001,0.00001
Oxchuc,0.99992,0.00001,0.00001,0.00001,0.00001,0.00001,0.00001,0.00001,0.00001
Oxchuc,0.999917,0.00001,0.00001,0.00001,0.00001,0.00001,0.000011,0.000011,0.00001
Oxchuc,0.99992,0.00001,0.00001,0.00001,0.00001,0.00001,0.00001,0.00001,0.00001
Oxchuc,0.99992,0.00001,0.00001,0.00001,0.00001,0.00001,0.00001,0.00001,0.00001
Cuilapam,0.00001,0.00001,0.00001,0.99992,0.00001,0.00001,0.00001,0.00001,0.00001
Cuilapam,0.00001,0.00001,0.00001,0.99992,0.00001,0.00001,0.00001,0.00001,0.00001
Cuilapam,0.00001,0.00001,0.00001,0.99992,0.00001,0.00001,0.00001,0.00001,0.00001
Cuilapam,0.00001,0.000016,0.00001,0.999914,0.00001,0.00001,0.00001,0.00001,0.00001
Cuilapam,0.00001,0.00001,0.00001,0.99992,0.00001,0.00001,0.00001,0.00001,0.00001
Cuilapam,0.00001,0.00001,0.00001,0.99992,0.00001,0.00001,0.00001,0.00001,0.00001
Cuilapam,0.00001,0.00001,0.00001,0.99992,0.00001,0.00001,0.00001,0.00001,0.00001
Cuilapam,0.00001,0.00001,0.00001,0.99992,0.00001,0.00001,0.00001,0.00001,0.00001
Cuilapam,0.00001,0.00001,0.00001,0.99992,0.00001,0.00001,0.00001,0.00001,0.00001
Cuilapam,0.00001,0.00001,0.00001,0.99992,0.00001,0.00001,0.00001,0.00001,0.00001
Cuilapam,0.00001,0.00001,0.00001,0.99992,0.00001,0.00001,0.00001,0.00001,0.00001
Cuilapam,0.00001,0.00001,0.00001,0.99992,0.00001,0.00001,0.00001,0.00001,0.00001
Cuilapam,0.00001,0.00001,0.00001,0.99992,0.00001,0.00001,0.00001,0.00001,0.00001
Tlalancaneca,0.016654,0.00001,0.041235,0.033416,0.00001,0.833302,0.075352,0.00001,0.00001
Tlalancaneca,0.00001,0.00001,0.022167,0.006025,0.00001,0.830185,0.141573,0.00001,0.00001
Tlalancaneca,0.025629,0.00001,0.019745,0.066831,0.00001,0.854948,0.00001,0.032807,0.00001
Tlalancaneca,0.00001,0.00001,0.023173,0.00001,0.00001,0.976757,0.00001,0.00001,0.00001
Tlalancaneca,0.00001,0.00001,0.045518,0.024909,0.00001,0.810783,0.118739,0.00001,0.00001
Tlalancaneca,0.075374,0.00001,0.043716,0.00001,0.00001,0.771519,0.109341,0.00001,0.00001
Tlalancaneca,0.03475,0.00001,0.009852,0.00001,0.00001,0.847243,0.108105,0.00001,0.00001
Tlalancaneca,0.00001,0.00001,0.022194,0.000897,0.00001,0.892788,0.084071,0.00001,0.00001
Tlalancaneca,0.059483,0.00001,0.033411,0.00001,0.00001,0.857971,0.049085,0.00001,0.00001
Tlalancaneca,0.00001,0.00001,0.024181,0.041559,0.00001,0.826074,0.108136,0.00001,0.00001
Tlalancaneca,0.013495,0.00001,0.049119,0.024378,0.00001,0.815754,0.097214,0.00001,0.00001
Tlalancaneca,0.00001,0.00001,0.006981,0.00001,0.021568,0.875696,0.095705,0.00001,0.00001
OrillaDelMonte,0.00001,0.00001,0.00001,0.00001,0.00001,0.99992,0.00001,0.00001,0.00001
OrillaDelMonte,0.00001,0.00001,0.038423,0.00001,0.00001,0.960267,0.00125,0.00001,0.00001
OrillaDelMonte,0.00001,0.00001,0.023309,0.00001,0.00001,0.91551,0.061121,0.00001,0.00001
OrillaDelMonte,0.00001,0.00001,0.040995,0.014449,0.00001,0.919153,0.025353,0.00001,0.00001
OrillaDelMonte,0.00001,0.00001,0.00001,0.00001,0.00001,0.974357,0.025573,0.00001,0.00001
OrillaDelMonte,0.00001,0.00001,0.023167,0.00001,0.00001,0.976763,0.00001,0.00001,0.00001
OrillaDelMonte,0.00001,0.00001,0.010803,0.00001,0.00001,0.955248,0.033888,0.00001,0.00001
OrillaDelMonte,0.00001,0.00001,0.036892,0.00001,0.00001,0.942527,0.020521,0.00001,0.00001
OrillaDelMonte,0.00001,0.00001,0.023331,0.00001,0.00001,0.918349,0.05826,0.00001,0.00001
OrillaDelMonte,0.00001,0.00001,0.01348,0.00001,0.00001,0.98645,0.00001,0.00001,0.00001
XochPuebla,0.00001,0.00001,0.041985,0.00001,0.00001,0.894341,0.063614,0.00001,0.00001
XochPuebla,0.00001,0.00001,0.0271,0.00001,0.00001,0.917746,0.055094,0.00001,0.00001
XochPuebla,0.00001,0.00001,0.016428,0.00001,0.00001,0.983502,0.00001,0.00001,0.00001
XochPuebla,0.00001,0.00001,0.047544,0.00001,0.00001,0.952386,0.00001,0.00001,0.00001
XochPuebla,0.00001,0.00001,0.043697,0.00001,0.00001,0.896618,0.059625,0.00001,0.00001
XochPuebla,0.00001,0.00001,0.99992,0.00001,0.00001,0.00001,0.00001,0.00001,0.00001
FrijolColorado,0.00001,0.00001,0.013027,0.00001,0.00001,0.922846,0.064067,0.00001,0.00001
FrijolColorado,0.00001,0.00001,0.06162,0.00001,0.00001,0.93831,0.00001,0.00001,0.00001
FrijolColorado,0.00001,0.00001,0.034457,0.00001,0.00001,0.965473,0.00001,0.00001,0.00001
FrijolColorado,0.00001,0.00001,0.004809,0.00001,0.00001,0.995121,0.00001,0.00001,0.00001
FrijolColorado,0.00001,0.00001,0.055473,0.00001,0.00001,0.944457,0.00001,0.00001,0.00001
FrijolColorado,0.00001,0.00001,0.034005,0.00001,0.00001,0.965925,0.00001,0.00001,0.00001
FrijolColorado,0.00001,0.00001,0.008915,0.00001,0.00001,0.947859,0.043167,0.00001,0.00001
FrijolColorado,0.00001,0.00001,0.033628,0.00001,0.00001,0.935161,0.031151,0.00001,0.00001
FrijolColorado,0.00001,0.00001,0.00001,0.00001,0.00001,0.99992,0.00001,0.00001,0.00001
FrijolColorado,0.00001,0.00001,0.00001,0.00001,0.00001,0.99992,0.00001,0.00001,0.00001
FrijolColorado,0.00001,0.00001,0.00001,0.00001,0.00001,0.99992,0.00001,0.00001,0.00001
Espana,0.00001,0.00001,0.99992,0.00001,0.00001,0.00001,0.00001,0.00001,0.00001
Espana,0.00001,0.00001,0.99992,0.00001,0.00001,0.00001,0.00001,0.00001,0.00001
Espana,0.00001,0.00001,0.99992,0.00001,0.00001,0.00001,0.00001,0.00001,0.00001
Espana,0.00001,0.00001,0.99992,0.00001,0.00001,0.00001,0.00001,0.00001,0.00001
Espana,0.00001,0.00001,0.99992,0.00001,0.00001,0.00001,0.00001,0.00001,0.00001
Espana,0.00001,0.00001,0.99992,0.00001,0.00001,0.00001,0.00001,0.00001,0.00001
Espana,0.00001,0.00001,0.99992,0.00001,0.00001,0.00001,0.00001,0.00001,0.00001
Espana,0.00001,0.00001,0.99992,0.00001,0.00001,0.00001,0.00001,0.00001,0.00001
BlancoTlaxcala,0.062857,0.00001,0.019273,0.015482,0.00001,0.282686,0.614547,0.005124,0.00001
BlancoTlaxcala,0.00001,0.00001,0.00001,0.00001,0.00001,0.000011,0.999919,0.00001,0.00001
BlancoTlaxcala,0.00001,0.00001,0.00001,0.00001,0.00001,0.00001,0.99992,0.00001,0.00001
BlancoTlaxcala,0.00001,0.00001,0.00001,0.00001,0.00001,0.00001,0.99992,0.00001,0.00001
BlancoTlaxcala,0.00001,0.00001,0.00001,0.031393,0.00001,0.00001,0.968537,0.00001,0.00001
BlancoTlaxcala,0.00001,0.00001,0.00001,0.00001,0.00001,0.00001,0.99992,0.00001,0.00001
BlancoTlaxcala,0.00001,0.00001,0.00001,0.00001,0.00001,0.00001,0.99992,0.00001,0.00001
BlancoTlaxcala,0.00001,0.00001,0.013516,0.012524,0.00001,0.083034,0.890875,0.00001,0.00001
BlancoTlaxcala,0.00001,0.00001,0.00001,0.00001,0.00001,0.00001,0.99992,0.00001,0.00001
BlancoTlaxcala,0.00001,0.00001,0.000013,0.015228,0.00001,0.065642,0.919068,0.00001,0.00001
BlancoTlaxcala,0.00001,0.00001,0.00001,0.00001,0.00001,0.00001,0.99992,0.00001,0.00001
BlancoTlaxcala,0.00001,0.00001,0.00001,0.00001,0.00001,0.00001,0.99992,0.00001,0.00001
Durango,0.00001,0.00001,0.00001,0.00001,0.00001,0.042544,0.957386,0.00001,0.00001
Durango,0.00001,0.00001,0.00001,0.00001,0.00001,0.00001,0.99992,0.00001,0.00001
Durango,0.00001,0.00001,0.014033,0.00001,0.00001,0.00001,0.985897,0.00001,0.00001
Durango,0.00001,0.00001,0.00001,0.00001,0.00001,0.00001,0.99992,0.00001,0.00001
Durango,0.00001,0.00001,0.00001,0.00001,0.00001,0.00001,0.99992,0.00001,0.00001
Durango,0.00001,0.00001,0.00001,0.00001,0.00001,0.00001,0.99992,0.00001,0.00001
Durango,0.00001,0.00001,0.00001,0.00001,0.00001,0.00001,0.99992,0.00001,0.00001
Durango,0.00001,0.00001,0.010644,0.00001,0.00001,0.100847,0.888448,0.00001,0.00001
VillaUnion,0.00001,0.00001,0.00001,0.00001,0.00001,0.00001,0.99992,0.00001,0.00001
VillaUnion,0.00001,0.00001,0.00001,0.00001,0.00001,0.00001,0.99992,0.00001,0.00001
VillaUnion,0.00001,0.00001,0.00001,0.00001,0.00001,0.00001,0.99992,0.00001,0.00001
VillaUnion,0.00001,0.00001,0.00001,0.00001,0.00001,0.00001,0.99992,0.00001,0.00001
VillaUnion,0.00001,0.00001,0.00001,0.00001,0.00001,0.00001,0.99992,0.00001,0.00001
VillaUnion,0.00001,0.00001,0.00001,0.00001,0.00001,0.00001,0.99992,0.00001,0.00001
VillaUnion,0.00001,0.00001,0.00001,0.00001,0.00001,0.00001,0.99992,0.00001,0.00001
VillaUnion,0.00001,0.00001,0.00001,0.00001,0.00001,0.00001,0.99992,0.00001,0.00001
VillaUnion,0.00001,0.00001,0.00001,0.00001,0.00001,0.00001,0.99992,0.00001,0.00001
VillaUnion,0.067597,0.00001,0.00001,0.00001,0.00001,0.00001,0.932333,0.00001,0.00001
VillaUnion,0.00001,0.00001,0.00001,0.00001,0.00001,0.00001,0.99992,0.00001,0.00001
VillaUnion,0.00001,0.00001,0.00001,0.00001,0.00001,0.00001,0.99992,0.00001,0.00001
Regocijo-C,0.00001,0.00001,0.00001,0.00001,0.00001,0.00001,0.99992,0.00001,0.00001
Regocijo-C,0.00001,0.00001,0.00001,0.00001,0.00001,0.00001,0.99992,0.00001,0.00001
Regocijo-C,0.00001,0.00001,0.00001,0.00001,0.00001,0.00001,0.99992,0.00001,0.00001
Regocijo-C,0.00001,0.000019,0.00001,0.00001,0.00001,0.00001,0.999911,0.00001,0.00001
Regocijo-C,0.00001,0.00001,0.00001,0.00001,0.00001,0.00001,0.99992,0.00001,0.00001
